	SRR28210342	SRR28210343	SRR28210344	SRR28210345	SRR28210346	SRR28210347	SRR28210348	SRR28210349	SRR28210350	SRR28210351	SRR28210352	SRR28210353	SRR28210354	SRR28210355	SRR28210356	SRR28210357	SRR28210358	SRR28210359	SRR28210360	SRR28210361	SRR28210362	SRR28210363	SRR28210364	SRR28210365	SRR28210366	SRR28210367	SRR28210368	SRR28210369	SRR28210370	SRR28210371	SRR28210372	SRR28210373	SRR28210374	SRR28210375	SRR28210376	SRR28210377	SRR28210378	SRR28210379	SRR28210380	SRR28210381
SRR28210342	0	0.110088609681678	0.155981229607023	0.1427249415363	0.191048904954261	0.157250340537486	0.233968886445567	0.261896435037452	0.20529535175669	0.180174927925335	0.168689266944517	0.137821899897021	0.364147195029743	0.279490645947633	0.226143475435303	0.26563874219546	0.16746683063743	0.175401635972679	0.17164718646691	0.160865608415145	0.333432773664035	0.339817856086003	0.229023639748902	0.143382162780526	0.212811997672345	0.182646423580838	0.182824549232051	0.179709422753989	0.226223844307712	0.197151430209239	0.146281523197527	0.123024684504783	0.162510118631288	0.199982951674985	0.237044844233734	0.159128325816687	0.235526890271953	0.209388040362025	0.150964441696579	0.213056023455713
SRR28210343	0.110088609681678	0	0.142182712942499	0.128121997922574	0.179557088497597	0.142940189498405	0.221314193737613	0.24846514364851	0.187158065918269	0.172979028221894	0.14489972500557	0.142677577047448	0.351280375650937	0.26744656429637	0.212048900075713	0.252406000640421	0.151187740730794	0.154283401527979	0.152839522713333	0.141507378340051	0.322238905869832	0.331227173210771	0.213461813494794	0.125595658052399	0.202483540676193	0.155466809043351	0.167297806274144	0.164624793143373	0.220371130303578	0.190248216582492	0.13656805071437	0.113986349671531	0.144241577806814	0.185085703783178	0.223677168018613	0.13953152242583	0.227045126900278	0.191473083720778	0.128624676704488	0.201070506977665
SRR28210344	0.155981229607023	0.142182712942499	0	0.137910161378058	0.153470123966693	0.13964408413618	0.202214661501597	0.19574877276004	0.176809536122073	0.15424679487526	0.146126383693726	0.165682518091984	0.304975302126353	0.214007458349343	0.186541840448083	0.202707601696328	0.143683607679321	0.149167414464285	0.15210024265018	0.138124496929028	0.275800114406066	0.28298266509024	0.203973610596898	0.147382978324455	0.175323091654205	0.155783553701374	0.151221380822329	0.128071669582621	0.208352651733675	0.170903740021792	0.146287183715322	0.140754994380144	0.15528247943132	0.151720128297494	0.201601381155666	0.130443846586314	0.192669258289071	0.17201310031536	0.159820319621016	0.188507407465088
SRR28210345	0.1427249415363	0.128121997922574	0.137910161378058	0	0.155504896065444	0.133711337439551	0.200730138327362	0.222009414106969	0.185217970228659	0.161772732217503	0.142912454025009	0.161449372459753	0.313124194549195	0.240161858302081	0.183703524983869	0.219164511101142	0.143432545701835	0.145881670499047	0.138279817052182	0.149125822987465	0.293688570213818	0.29573343207807	0.205642433494149	0.127216785721971	0.182857645511906	0.163459228044474	0.155053101646701	0.144920448121787	0.199957387187924	0.17731763905547	0.136800005272538	0.13015985060092	0.135666877657205	0.160050868402972	0.197602765475092	0.131620615012123	0.19845826996781	0.164225044054394	0.137155554862745	0.175113097606313
SRR28210346	0.191048904954261	0.179557088497597	0.153470123966693	0.155504896065444	0	0.154066178124987	0.204086798281166	0.190202011222358	0.170288598240703	0.172730729618605	0.157271789842235	0.184237450850057	0.269863296654153	0.211768844999406	0.182643658391047	0.204068153384585	0.150025097776675	0.158738705379405	0.171758308120083	0.160922268429571	0.25638586239611	0.256206436614208	0.194102270795076	0.164769920365291	0.170481682285875	0.166998214668349	0.15429562259151	0.149614315050757	0.195583652438609	0.187392419088267	0.176459708647532	0.176422757022625	0.171993169294949	0.162399596869421	0.190256505724097	0.148822952363561	0.19787882633289	0.154854431281905	0.180603924298635	0.193797377479496
SRR28210347	0.157250340537486	0.142940189498405	0.13964408413618	0.133711337439551	0.154066178124987	0	0.21148912060545	0.221663614039626	0.186769708464285	0.17141442955237	0.144108789822825	0.176450034768015	0.306985271406552	0.242615584797216	0.196835234592613	0.22072918451495	0.147523013855812	0.152637064194616	0.163217042388038	0.153121301145725	0.2963988727099	0.291854971072114	0.205507137538473	0.141951140851392	0.189738489442343	0.160328259750407	0.15229829048177	0.149251006175462	0.207505014782666	0.179216228451994	0.154588819115406	0.139949634075361	0.15550956577116	0.170335933667188	0.206805493398063	0.151923881673113	0.20250576734833	0.163197379739175	0.150574525515677	0.194091585114197
SRR28210348	0.233968886445567	0.221314193737613	0.202214661501597	0.200730138327362	0.204086798281166	0.21148912060545	0	0.216921981058533	0.210146535851101	0.18158986565828	0.206768305961823	0.234515806921372	0.304058097398628	0.214794484849944	0.191566331132788	0.202407769888413	0.188412230135439	0.191417052273	0.189440449920825	0.214051676881281	0.256006600973906	0.263455939557595	0.20169194595912	0.205468062914143	0.213167959977654	0.202348043407569	0.185556162433029	0.196383295202488	0.214893966586015	0.19562252780551	0.200093287541846	0.206702973079329	0.202137878461518	0.190439274011094	0.197382237419296	0.198684810281031	0.210649102008419	0.191616397801087	0.209223556036592	0.185473117357837
SRR28210349	0.261896435037452	0.24846514364851	0.19574877276004	0.222009414106969	0.190202011222358	0.221663614039626	0.216921981058533	0	0.204661464296986	0.20791844201928	0.214303426449118	0.241378184798636	0.271372413030012	0.178104087914527	0.193221617239349	0.188109877825568	0.20506786329651	0.198176801804387	0.209401092816043	0.206746147416092	0.240990830642728	0.24164356965661	0.228271601821618	0.232679407611098	0.195215560980507	0.21291412052487	0.197293298653358	0.177178072543676	0.232158442804727	0.216565764578138	0.223174137318119	0.246440851597513	0.225002362949658	0.176493386672183	0.212241581147232	0.203365461428289	0.198562032463254	0.20095077838134	0.240778696582233	0.220621767285848
SRR28210350	0.20529535175669	0.187158065918269	0.176809536122073	0.185217970228659	0.170288598240703	0.186769708464285	0.210146535851101	0.204661464296986	0	0.182470240724465	0.170372369813639	0.199062075431102	0.28695994056244	0.214817466967579	0.197125461541015	0.220957963648882	0.161780328387183	0.172786730181476	0.179976137070387	0.177656043016934	0.256258809393942	0.265602303740075	0.182140894859629	0.17976842292122	0.184549195681347	0.168895819061601	0.169912906628033	0.175820584484144	0.210735256457169	0.193915630880257	0.190893715051886	0.19288433749708	0.181841425320762	0.182311389857888	0.19610830358596	0.16974037701522	0.214153821892285	0.181416449107544	0.189554577386176	0.204182388032313
SRR28210351	0.180174927925335	0.172979028221894	0.15424679487526	0.161772732217503	0.172730729618605	0.17141442955237	0.18158986565828	0.20791844201928	0.182470240724465	0	0.172009457935303	0.188395996189976	0.306130342278442	0.213357564339355	0.179340503573483	0.203140289784957	0.152413203678767	0.169052544483713	0.172157938360844	0.176211555467339	0.252236398714218	0.264096942980896	0.202850651581457	0.169847278957821	0.178527777142181	0.174593357803597	0.159967889166846	0.162442396274332	0.180556029402914	0.169350920616179	0.159999174971112	0.156847641446503	0.170719779976899	0.173125898192739	0.190367138872699	0.161915096940875	0.19070761566603	0.18009874099332	0.175903482075172	0.163868995545128
SRR28210352	0.168689266944517	0.14489972500557	0.146126383693726	0.142912454025009	0.157271789842235	0.144108789822825	0.206768305961823	0.214303426449118	0.170372369813639	0.172009457935303	0	0.166145595481781	0.304428505395558	0.238459256776229	0.183039165891799	0.22934728391162	0.146789818706149	0.153071159477868	0.157203623051583	0.154706639324779	0.278330537692708	0.288276685168844	0.18447321753396	0.146223658645659	0.18410314213063	0.150142820234881	0.147386396859781	0.160902692814995	0.194523055038852	0.196443404471661	0.160188642180476	0.146513919338148	0.149137493269561	0.171235297643468	0.181920964149287	0.146176304432297	0.215175999692209	0.159752947754793	0.1526002835025	0.194295462690026
SRR28210353	0.137821899897021	0.142677577047448	0.165682518091984	0.161449372459753	0.184237450850057	0.176450034768015	0.234515806921372	0.241378184798636	0.199062075431102	0.188395996189976	0.166145595481781	0	0.337984315115757	0.263053153353204	0.219516785060986	0.254582754566596	0.174215049053146	0.179736494691653	0.182867977295649	0.167971649023681	0.31343193520232	0.320692306818084	0.22400551307355	0.162454270736785	0.201337548222119	0.185309773285782	0.183841328154435	0.182855673342827	0.221198979257466	0.213227778769764	0.160838510372564	0.150241984040299	0.166887429700561	0.19799913517236	0.228100604511536	0.162486105978328	0.234199194340115	0.207408995327369	0.171646507111262	0.215164173701697
SRR28210354	0.364147195029743	0.351280375650937	0.304975302126353	0.313124194549195	0.269863296654153	0.306985271406552	0.304058097398628	0.271372413030012	0.28695994056244	0.306130342278442	0.304428505395558	0.337984315115757	0	0.280818705318463	0.289602626954377	0.278775441847059	0.293571386872152	0.302391660767983	0.314790172739499	0.318178918170939	0.271068681262839	0.273066106804272	0.290013668131868	0.328439165413683	0.284202750784333	0.307964962726022	0.287246326482242	0.294093975055331	0.282995306616712	0.313327455398802	0.331461630639278	0.349732776618511	0.314478371792478	0.287412364870352	0.26962745593582	0.304984713936339	0.286342933176346	0.274965390462244	0.329304524878826	0.296320044895109
SRR28210355	0.279490645947633	0.26744656429637	0.214007458349343	0.240161858302081	0.211768844999406	0.242615584797216	0.214794484849944	0.178104087914527	0.214817466967579	0.213357564339355	0.238459256776229	0.263053153353204	0.280818705318463	0	0.201267266044673	0.193273015374252	0.219039800664476	0.210749553774209	0.222520348897784	0.227551877416835	0.232930183327647	0.233199209127846	0.238279943632553	0.251001433251011	0.209286340054348	0.230744622996167	0.208578987568373	0.199654979232144	0.241927981344048	0.214367741106952	0.237811209773357	0.25966412438822	0.242564206070838	0.194542159838586	0.218200654735158	0.220143242327302	0.198761481343103	0.22195378242058	0.255583403405132	0.21986620163742
SRR28210356	0.226143475435303	0.212048900075713	0.186541840448083	0.183703524983869	0.182643658391047	0.196835234592613	0.191566331132788	0.193221617239349	0.197125461541015	0.179340503573483	0.183039165891799	0.219516785060986	0.289602626954377	0.201267266044673	0	0.191298333616825	0.177776177804958	0.174238469156095	0.172709022577842	0.201794847085373	0.225931495722257	0.242417412020475	0.204856842537466	0.189210059572818	0.192796543653907	0.205842614527838	0.169207561855232	0.177773398478872	0.200402428967369	0.201703561274417	0.191361358594014	0.205997158038016	0.183318831368819	0.172721299972423	0.175447634836076	0.181530177519088	0.189317337682909	0.18452917591421	0.202107515118485	0.186731810311022
SRR28210357	0.26563874219546	0.252406000640421	0.202707601696328	0.219164511101142	0.204068153384585	0.22072918451495	0.202407769888413	0.188109877825568	0.220957963648882	0.203140289784957	0.22934728391162	0.254582754566596	0.278775441847059	0.193273015374252	0.191298333616825	0	0.204085125127918	0.201346234800737	0.21432936319237	0.21887634492045	0.229600965964387	0.235061666726727	0.237779433303476	0.233822688936995	0.20908569739067	0.223489624440253	0.200990501354724	0.185820286850991	0.23566694867664	0.208594546048891	0.223354904480293	0.246436696702561	0.230868766231544	0.186422975712591	0.211563619353485	0.207554355838402	0.185690068098309	0.209393773363955	0.238573099038688	0.206110082383403
SRR28210358	0.16746683063743	0.151187740730794	0.143683607679321	0.143432545701835	0.150025097776675	0.147523013855812	0.188412230135439	0.20506786329651	0.161780328387183	0.152413203678767	0.146789818706149	0.174215049053146	0.293571386872152	0.219039800664476	0.177776177804958	0.204085125127918	0	0.150139212889524	0.154374309137917	0.161141912605139	0.263314909711077	0.273469775910282	0.187318851443293	0.146092913176506	0.176821230816078	0.158526315128604	0.139913615022239	0.151102475708975	0.18824322535307	0.16881489876662	0.146587312362457	0.15040261010312	0.152232675051558	0.156922489795139	0.1797742203606	0.141543630192207	0.193452967876464	0.157152414456256	0.160008601455614	0.172831288386665
SRR28210359	0.175401635972679	0.154283401527979	0.149167414464285	0.145881670499047	0.158738705379405	0.152637064194616	0.191417052273	0.198176801804387	0.172786730181476	0.169052544483713	0.153071159477868	0.179736494691653	0.302391660767983	0.210749553774209	0.174238469156095	0.201346234800737	0.150139212889524	0	0.150682186790805	0.15351352012705	0.26826685206366	0.271967176055677	0.194260797277157	0.153159879730924	0.178767401039647	0.156720741080916	0.143981141930225	0.149316777800733	0.207757295314025	0.18307334288737	0.162611382115787	0.156279454235053	0.160710732363469	0.158677431352919	0.186308366877545	0.151127075944744	0.197475161682558	0.166283319163638	0.156014859447224	0.190822676392287
SRR28210360	0.17164718646691	0.152839522713333	0.15210024265018	0.138279817052182	0.171758308120083	0.163217042388038	0.189440449920825	0.209401092816043	0.179976137070387	0.172157938360844	0.157203623051583	0.182867977295649	0.314790172739499	0.222520348897784	0.172709022577842	0.21432936319237	0.154374309137917	0.150682186790805	0	0.163308370496141	0.283374898661183	0.290125724936167	0.198425647897443	0.137153558644117	0.192312676580935	0.167194434445297	0.159154736664744	0.154029181865236	0.215042176800885	0.176737293636684	0.15282169027709	0.154166613313261	0.14810625310941	0.152972318819876	0.201726151990454	0.148882072222074	0.204588977399505	0.175287330216931	0.152514074149248	0.186374659947648
SRR28210361	0.160865608415145	0.141507378340051	0.138124496929028	0.149125822987465	0.160922268429571	0.153121301145725	0.214051676881281	0.206746147416092	0.177656043016934	0.176211555467339	0.154706639324779	0.167971649023681	0.318178918170939	0.227551877416835	0.201794847085373	0.21887634492045	0.161141912605139	0.15351352012705	0.163308370496141	0	0.29106523330258	0.29434447308543	0.207772747994003	0.153549855943528	0.179258963932001	0.156777120611444	0.166333192895484	0.148327895061318	0.220685804094013	0.182341358899699	0.159577231714516	0.152243662460195	0.165509047419855	0.169634250984193	0.216037642354475	0.143693854239694	0.207716450168772	0.17821609896979	0.158376580807988	0.200195117589805
SRR28210362	0.333432773664035	0.322238905869832	0.275800114406066	0.293688570213818	0.25638586239611	0.2963988727099	0.256006600973906	0.240990830642728	0.256258809393942	0.252236398714218	0.278330537692708	0.31343193520232	0.271068681262839	0.232930183327647	0.225931495722257	0.229600965964387	0.263314909711077	0.26826685206366	0.283374898661183	0.29106523330258	0	0.230711341015403	0.265067577743308	0.305356742970538	0.258537224214887	0.283004394193635	0.25100539345828	0.262902364602058	0.242344595476148	0.274253916173404	0.292539007598782	0.30978883281271	0.291241024132443	0.254081718476516	0.225150985886951	0.270732205043981	0.24492435525634	0.259785686524826	0.307883280922937	0.243699027896008
SRR28210363	0.339817856086003	0.331227173210771	0.28298266509024	0.29573343207807	0.256206436614208	0.291854971072114	0.263455939557595	0.24164356965661	0.265602303740075	0.264096942980896	0.288276685168844	0.320692306818084	0.273066106804272	0.233199209127846	0.242417412020475	0.235061666726727	0.273469775910282	0.271967176055677	0.290125724936167	0.29434447308543	0.230711341015403	0	0.26874475380858	0.309380330527182	0.255826221246312	0.284158460832426	0.264567749166997	0.270662338618635	0.249791280227391	0.275776312523613	0.30758646943413	0.322362463924626	0.300146423242736	0.260638638175931	0.250581649650423	0.287722573114342	0.241645008280437	0.25859598467839	0.314140870947544	0.266084377708156
SRR28210364	0.229023639748902	0.213461813494794	0.203973610596898	0.205642433494149	0.194102270795076	0.205507137538473	0.20169194595912	0.228271601821618	0.182140894859629	0.202850651581457	0.18447321753396	0.22400551307355	0.290013668131868	0.238279943632553	0.204856842537466	0.237779433303476	0.187318851443293	0.194260797277157	0.198425647897443	0.207772747994003	0.265067577743308	0.26874475380858	0	0.195305324749318	0.208343869442811	0.193200944390327	0.190418601885702	0.210293967481854	0.204305960076961	0.215451981645418	0.209784620608716	0.209531961398832	0.200514209154088	0.21087273867888	0.191772222595847	0.207092738193361	0.23314370650314	0.191127739182603	0.207685923742701	0.212659329147664
SRR28210365	0.143382162780526	0.125595658052399	0.147382978324455	0.127216785721971	0.164769920365291	0.141951140851392	0.205468062914143	0.232679407611098	0.17976842292122	0.169847278957821	0.146223658645659	0.162454270736785	0.328439165413683	0.251001433251011	0.189210059572818	0.233822688936995	0.146092913176506	0.153159879730924	0.137153558644117	0.153549855943528	0.305356742970538	0.309380330527182	0.195305324749318	0	0.194000607649489	0.160372111496508	0.162405950126847	0.155734671767572	0.206081490115215	0.18672675587222	0.136647414533246	0.127931113728577	0.137617773812388	0.176462671902968	0.20909340628621	0.14677149223553	0.211614592235918	0.173198062537192	0.13385417882834	0.189920426360527
SRR28210366	0.212811997672345	0.202483540676193	0.175323091654205	0.182857645511906	0.170481682285875	0.189738489442343	0.213167959977654	0.195215560980507	0.184549195681347	0.178527777142181	0.18410314213063	0.201337548222119	0.284202750784333	0.209286340054348	0.192796543653907	0.20908569739067	0.176821230816078	0.178767401039647	0.192312676580935	0.179258963932001	0.258537224214887	0.255826221246312	0.208343869442811	0.194000607649489	0	0.182057865871106	0.177203944017384	0.174576022026172	0.206969180037997	0.199348674001622	0.194076657575153	0.19734822313471	0.192092219316179	0.182607531045792	0.208832780061856	0.181691036997958	0.202481068652425	0.185774133478087	0.202965584508131	0.194323977629316
SRR28210367	0.182646423580838	0.155466809043351	0.155783553701374	0.163459228044474	0.166998214668349	0.160328259750407	0.202348043407569	0.21291412052487	0.168895819061601	0.174593357803597	0.150142820234881	0.185309773285782	0.307964962726022	0.230744622996167	0.205842614527838	0.223489624440253	0.158526315128604	0.156720741080916	0.167194434445297	0.156777120611444	0.283004394193635	0.284158460832426	0.193200944390327	0.160372111496508	0.182057865871106	0	0.162051104197811	0.162926852988079	0.209046784127569	0.190859667464397	0.173776335079911	0.162414712142327	0.167513635076108	0.181656767597525	0.211697584134232	0.162612717643384	0.217177505510268	0.169059286571161	0.158903630642663	0.198571316864173
SRR28210368	0.182824549232051	0.167297806274144	0.151221380822329	0.155053101646701	0.15429562259151	0.15229829048177	0.185556162433029	0.197293298653358	0.169912906628033	0.159967889166846	0.147386396859781	0.183841328154435	0.287246326482242	0.208578987568373	0.169207561855232	0.200990501354724	0.139913615022239	0.143981141930225	0.159154736664744	0.166333192895484	0.25100539345828	0.264567749166997	0.190418601885702	0.162405950126847	0.177203944017384	0.162051104197811	0	0.15530078693582	0.192566451445651	0.180879088865157	0.161983271149781	0.163649165998095	0.153196265925609	0.157784559159609	0.172045213841529	0.148000342378597	0.193978977220713	0.155936334051317	0.162248460332681	0.181447485247429
SRR28210369	0.179709422753989	0.164624793143373	0.128071669582621	0.144920448121787	0.149614315050757	0.149251006175462	0.196383295202488	0.177178072543676	0.175820584484144	0.162442396274332	0.160902692814995	0.182855673342827	0.294093975055331	0.199654979232144	0.177773398478872	0.185820286850991	0.151102475708975	0.149316777800733	0.154029181865236	0.148327895061318	0.262902364602058	0.270662338618635	0.210293967481854	0.155734671767572	0.174576022026172	0.162926852988079	0.15530078693582	0	0.213080329478381	0.163807638809135	0.152364594737583	0.162624884662637	0.167540265322614	0.141091276617472	0.203908805779531	0.139574562606716	0.179105204574034	0.16387470086887	0.168957030168742	0.191133569749906
SRR28210370	0.226223844307712	0.220371130303578	0.208352651733675	0.199957387187924	0.195583652438609	0.207505014782666	0.214893966586015	0.232158442804727	0.210735256457169	0.180556029402914	0.194523055038852	0.221198979257466	0.282995306616712	0.241927981344048	0.200402428967369	0.23566694867664	0.18824322535307	0.207757295314025	0.215042176800885	0.220685804094013	0.242344595476148	0.249791280227391	0.204305960076961	0.206081490115215	0.206969180037997	0.209046784127569	0.192566451445651	0.213080329478381	0	0.221644371619281	0.205553904724868	0.202357891457146	0.203058145708652	0.215075656061037	0.191094783194224	0.207422648008546	0.211931886852943	0.19562221583943	0.213113774903122	0.189062927758168
SRR28210371	0.197151430209239	0.190248216582492	0.170903740021792	0.17731763905547	0.187392419088267	0.179216228451994	0.19562252780551	0.216565764578138	0.193915630880257	0.169350920616179	0.196443404471661	0.213227778769764	0.313327455398802	0.214367741106952	0.201703561274417	0.208594546048891	0.16881489876662	0.18307334288737	0.176737293636684	0.182341358899699	0.274253916173404	0.275776312523613	0.215451981645418	0.18672675587222	0.199348674001622	0.190859667464397	0.180879088865157	0.163807638809135	0.221644371619281	0	0.167337919279374	0.179042928750055	0.193653137094701	0.177421371848375	0.219178199827614	0.175813891081795	0.197749405028524	0.197425483975981	0.190081295351679	0.193564353679529
SRR28210372	0.146281523197527	0.13656805071437	0.146287183715322	0.136800005272538	0.176459708647532	0.154588819115406	0.200093287541846	0.223174137318119	0.190893715051886	0.159999174971112	0.160188642180476	0.160838510372564	0.331461630639278	0.237811209773357	0.191361358594014	0.223354904480293	0.146587312362457	0.162611382115787	0.15282169027709	0.159577231714516	0.292539007598782	0.30758646943413	0.209784620608716	0.136647414533246	0.194076657575153	0.173776335079911	0.161983271149781	0.152364594737583	0.205553904724868	0.167337919279374	0	0.127501890685469	0.148937481822304	0.170947023023842	0.208415065268813	0.145926892122118	0.200460893848889	0.189129804981929	0.154143184013103	0.186223233008291
SRR28210373	0.123024684504783	0.113986349671531	0.140754994380144	0.13015985060092	0.176422757022625	0.139949634075361	0.206702973079329	0.246440851597513	0.19288433749708	0.156847641446503	0.146513919338148	0.150241984040299	0.349732776618511	0.25966412438822	0.205997158038016	0.246436696702561	0.15040261010312	0.156279454235053	0.154166613313261	0.152243662460195	0.30978883281271	0.322362463924626	0.209531961398832	0.127931113728577	0.19734822313471	0.162414712142327	0.163649165998095	0.162624884662637	0.202357891457146	0.179042928750055	0.127501890685469	0	0.144187614004422	0.183466915147056	0.213775773416493	0.141930104174254	0.220526260079459	0.189595899242811	0.140519960812053	0.184494912986008
SRR28210374	0.162510118631288	0.144241577806814	0.15528247943132	0.135666877657205	0.171993169294949	0.15550956577116	0.202137878461518	0.225002362949658	0.181841425320762	0.170719779976899	0.149137493269561	0.166887429700561	0.314478371792478	0.242564206070838	0.183318831368819	0.230868766231544	0.152232675051558	0.160710732363469	0.14810625310941	0.165509047419855	0.291241024132443	0.300146423242736	0.200514209154088	0.137617773812388	0.192092219316179	0.167513635076108	0.153196265925609	0.167540265322614	0.203058145708652	0.193653137094701	0.148937481822304	0.144187614004422	0	0.170253803395216	0.199540252760658	0.147077488409804	0.213077970834581	0.172447559569058	0.150354589901151	0.183942859894194
SRR28210375	0.199982951674985	0.185085703783178	0.151720128297494	0.160050868402972	0.162399596869421	0.170335933667188	0.190439274011094	0.176493386672183	0.182311389857888	0.173125898192739	0.171235297643468	0.19799913517236	0.287412364870352	0.194542159838586	0.172721299972423	0.186422975712591	0.156922489795139	0.158677431352919	0.152972318819876	0.169634250984193	0.254081718476516	0.260638638175931	0.21087273867888	0.176462671902968	0.182607531045792	0.181656767597525	0.157784559159609	0.141091276617472	0.215075656061037	0.177421371848375	0.170947023023842	0.183466915147056	0.170253803395216	0	0.186967248664026	0.147333096754978	0.185518299205677	0.173417069733161	0.183120094389611	0.18845894593408
SRR28210376	0.237044844233734	0.223677168018613	0.201601381155666	0.197602765475092	0.190256505724097	0.206805493398063	0.197382237419296	0.212241581147232	0.19610830358596	0.190367138872699	0.181920964149287	0.228100604511536	0.26962745593582	0.218200654735158	0.175447634836076	0.211563619353485	0.1797742203606	0.186308366877545	0.201726151990454	0.216037642354475	0.225150985886951	0.250581649650423	0.191772222595847	0.20909340628621	0.208832780061856	0.211697584134232	0.172045213841529	0.203908805779531	0.191094783194224	0.219178199827614	0.208415065268813	0.213775773416493	0.199540252760658	0.186967248664026	0	0.194567197605975	0.213462934481112	0.190868764726239	0.209458787103162	0.191718672243557
SRR28210377	0.159128325816687	0.13953152242583	0.130443846586314	0.131620615012123	0.148822952363561	0.151923881673113	0.198684810281031	0.203365461428289	0.16974037701522	0.161915096940875	0.146176304432297	0.162486105978328	0.304984713936339	0.220143242327302	0.181530177519088	0.207554355838402	0.141543630192207	0.151127075944744	0.148882072222074	0.143693854239694	0.270732205043981	0.287722573114342	0.207092738193361	0.14677149223553	0.181691036997958	0.162612717643384	0.148000342378597	0.139574562606716	0.207422648008546	0.175813891081795	0.145926892122118	0.141930104174254	0.147077488409804	0.147333096754978	0.194567197605975	0	0.193645212854879	0.174163532483223	0.159805822047946	0.180294338918693
SRR28210378	0.235526890271953	0.227045126900278	0.192669258289071	0.19845826996781	0.19787882633289	0.20250576734833	0.210649102008419	0.198562032463254	0.214153821892285	0.19070761566603	0.215175999692209	0.234199194340115	0.286342933176346	0.198761481343103	0.189317337682909	0.185690068098309	0.193452967876464	0.197475161682558	0.204588977399505	0.207716450168772	0.24492435525634	0.241645008280437	0.23314370650314	0.211614592235918	0.202481068652425	0.217177505510268	0.193978977220713	0.179105204574034	0.211931886852943	0.197749405028524	0.200460893848889	0.220526260079459	0.213077970834581	0.185518299205677	0.213462934481112	0.193645212854879	0	0.207604763922875	0.221088831437194	0.195593412901178
SRR28210379	0.209388040362025	0.191473083720778	0.17201310031536	0.164225044054394	0.154854431281905	0.163197379739175	0.191616397801087	0.20095077838134	0.181416449107544	0.18009874099332	0.159752947754793	0.207408995327369	0.274965390462244	0.22195378242058	0.18452917591421	0.209393773363955	0.157152414456256	0.166283319163638	0.175287330216931	0.17821609896979	0.259785686524826	0.25859598467839	0.191127739182603	0.173198062537192	0.185774133478087	0.169059286571161	0.155936334051317	0.16387470086887	0.19562221583943	0.197425483975981	0.189129804981929	0.189595899242811	0.172447559569058	0.173417069733161	0.190868764726239	0.174163532483223	0.207604763922875	0	0.179835377848443	0.19099886133808
SRR28210380	0.150964441696579	0.128624676704488	0.159820319621016	0.137155554862745	0.180603924298635	0.150574525515677	0.209223556036592	0.240778696582233	0.189554577386176	0.175903482075172	0.1526002835025	0.171646507111262	0.329304524878826	0.255583403405132	0.202107515118485	0.238573099038688	0.160008601455614	0.156014859447224	0.152514074149248	0.158376580807988	0.307883280922937	0.314140870947544	0.207685923742701	0.13385417882834	0.202965584508131	0.158903630642663	0.162248460332681	0.168957030168742	0.213113774903122	0.190081295351679	0.154143184013103	0.140519960812053	0.150354589901151	0.183120094389611	0.209458787103162	0.159805822047946	0.221088831437194	0.179835377848443	0	0.195736067566011
SRR28210381	0.213056023455713	0.201070506977665	0.188507407465088	0.175113097606313	0.193797377479496	0.194091585114197	0.185473117357837	0.220621767285848	0.204182388032313	0.163868995545128	0.194295462690026	0.215164173701697	0.296320044895109	0.21986620163742	0.186731810311022	0.206110082383403	0.172831288386665	0.190822676392287	0.186374659947648	0.200195117589805	0.243699027896008	0.266084377708156	0.212659329147664	0.189920426360527	0.194323977629316	0.198571316864173	0.181447485247429	0.191133569749906	0.189062927758168	0.193564353679529	0.186223233008291	0.184494912986008	0.183942859894194	0.18845894593408	0.191718672243557	0.180294338918693	0.195593412901178	0.19099886133808	0.195736067566011	0
