	SRR28210342	SRR28210343	SRR28210344	SRR28210345	SRR28210346	SRR28210347	SRR28210348	SRR28210349	SRR28210350	SRR28210351	SRR28210352	SRR28210353	SRR28210354	SRR28210355	SRR28210356	SRR28210357	SRR28210358	SRR28210359	SRR28210360	SRR28210361	SRR28210362	SRR28210363	SRR28210364	SRR28210365	SRR28210366	SRR28210367	SRR28210368	SRR28210369	SRR28210370	SRR28210371	SRR28210372	SRR28210373	SRR28210374	SRR28210375	SRR28210376	SRR28210377	SRR28210378	SRR28210379	SRR28210380	SRR28210381
SRR28210342	0	0.10352294494878	0.118254102520724	0.110258548790659	0.126039130069695	0.123498999332889	0.173634812286689	0.164100382815823	0.138888888888889	0.131561124280393	0.126397176233297	0.115157070244146	0.216467800626216	0.187189587258092	0.156492411467116	0.182227508283069	0.121730382293763	0.135469223007064	0.134970364098222	0.127969671440607	0.225443383356071	0.235329087048832	0.154849639983058	0.119534260345116	0.145120724346076	0.127788534388417	0.132655654383736	0.123191471359675	0.161777032690696	0.159587171613784	0.116463157894737	0.110934759000919	0.126472568158869	0.1409676593566	0.159108247859625	0.123497545285255	0.176798378926039	0.147409022304209	0.120369592608148	0.149712254570074
SRR28210343	0.10352294494878	0	0.117091836734694	0.109229608517059	0.127297251728208	0.124895362464423	0.169144821658788	0.159869773817683	0.135283051137335	0.128875638841567	0.12242998561638	0.117307692307692	0.214303959131545	0.184974584302576	0.154909275903002	0.17906618778861	0.117264668636556	0.130294815316842	0.130712824010914	0.124003392705683	0.223470875868577	0.236738870885212	0.153092520020446	0.114738884670548	0.145203402678346	0.119680625159263	0.133475116971501	0.117892762765323	0.164255677039529	0.15784507163078	0.113540077952889	0.110224983210208	0.12011196878446	0.135597592433362	0.159414119049647	0.118680194389974	0.179500211774672	0.148438157783952	0.114769360981803	0.144136460554371
SRR28210344	0.118254102520724	0.117091836734694	0	0.117415826354469	0.127676104972376	0.125053569898003	0.164413817475042	0.151314628551262	0.134718204925936	0.127009084556254	0.123180873180873	0.13136205285071	0.204268024940722	0.173232547799022	0.149690685719265	0.169648365206663	0.122920437893285	0.137212519453571	0.133298438454157	0.124956582146579	0.210955504343202	0.2259882031869	0.152166317260657	0.124054332874828	0.14216575922565	0.128020788220009	0.131076010123047	0.117554585152838	0.162194806315245	0.153785141447079	0.122873672394439	0.119568936024632	0.127477282561662	0.134544172103685	0.158326783687014	0.116222125054657	0.166987235530687	0.140989001472244	0.12605548854041	0.146547961944663
SRR28210345	0.110258548790659	0.109229608517059	0.117415826354469	0	0.119703930576825	0.114467005076142	0.167041522491349	0.158507153938976	0.137620192307692	0.12813704496788	0.11845917845577	0.123618090452261	0.205745742301737	0.179021465195099	0.145622751413397	0.168050510292337	0.118225765414299	0.127334754797441	0.131105398457584	0.123721009549795	0.213858295030787	0.222116548504237	0.149952818049241	0.114249363867684	0.13999490618898	0.127210884353742	0.131004366812227	0.116285052739902	0.152314499659632	0.156945642795513	0.119449868409882	0.112740141557128	0.119808987805918	0.135534618376696	0.152676346765186	0.117399879941686	0.162928589842743	0.131363170481722	0.118920295390884	0.141409805100026
SRR28210346	0.126039130069695	0.127297251728208	0.127676104972376	0.119703930576825	0	0.118484224965706	0.165434706089405	0.15595123234804	0.142496737712049	0.131903438693991	0.128540680154972	0.134838109730324	0.200245592491887	0.179224450136914	0.149791594303578	0.166783954961295	0.124881984379023	0.138156761412575	0.137180043383948	0.136269786648314	0.214159760183389	0.218953672714462	0.149520488230166	0.119082395394793	0.146282767511818	0.131581214993537	0.134323174437788	0.127219191131896	0.154955110497238	0.157756354075372	0.132865336871843	0.128701111393909	0.131359214943617	0.139602138287617	0.155830573470455	0.127696439400502	0.166710239651416	0.137904201971295	0.128805419775319	0.151643966339898
SRR28210347	0.123498999332889	0.124895362464423	0.125053569898003	0.114467005076142	0.118484224965706	0	0.172863099374566	0.160610528141532	0.144875107665805	0.134703000085962	0.122548599811595	0.133942799630965	0.204249783174328	0.183493449781659	0.149866574847207	0.166550401116149	0.122934060316919	0.138808263616186	0.141042149540733	0.136778374690884	0.219735237763456	0.220129077271934	0.153428201811125	0.116693679092382	0.141478000854336	0.131493506493506	0.130832255282449	0.12006550594725	0.152455223241066	0.160797918473547	0.132133152173913	0.122002701789936	0.128398016755001	0.139928776166073	0.162994836488812	0.128766417718259	0.166479481641469	0.13424375161041	0.125872934764095	0.152020636285469
SRR28210348	0.173634812286689	0.169144821658788	0.164413817475042	0.167041522491349	0.165434706089405	0.172863099374566	0	0.178095842014675	0.159387663214768	0.151381909547739	0.165359880186768	0.176480731097508	0.220457433290978	0.175664413371608	0.160458194281591	0.175091575091575	0.165366751380247	0.15980801706515	0.154170782077759	0.162564193377014	0.209975939292985	0.218305960509319	0.16901027582477	0.165121567255554	0.174458683163942	0.159578238525607	0.157517686039223	0.16276388149725	0.17524302149291	0.164658634538153	0.164265635980323	0.160344527579607	0.158342189160468	0.159025009061254	0.163446712018141	0.15983642990488	0.184483536310329	0.168620138518913	0.164676966292135	0.159884507804746
SRR28210349	0.164100382815823	0.159869773817683	0.151314628551262	0.158507153938976	0.15595123234804	0.160610528141532	0.178095842014675	0	0.157476092590938	0.156596575281696	0.154407241409614	0.166838576585869	0.217265927728215	0.174915067486916	0.16739420935412	0.177003989844033	0.161703239289446	0.158730158730159	0.153455646597791	0.155148095909732	0.216465643274854	0.226126536185708	0.166696492483894	0.153604468493629	0.166842661034847	0.159638024951678	0.159066713981547	0.149122807017544	0.177587424938184	0.171129744838157	0.153347353662811	0.157376199118486	0.15970515970516	0.149950347567031	0.17283950617284	0.149782859168661	0.179935449166218	0.166020102274731	0.158280922431866	0.169765993415784
SRR28210350	0.138888888888889	0.135283051137335	0.134718204925936	0.137620192307692	0.142496737712049	0.144875107665805	0.159387663214768	0.157476092590938	0	0.136423841059603	0.141425583827117	0.143273600274372	0.210287443267776	0.171327721965789	0.154613686534216	0.175714285714286	0.139298732858879	0.145829690505333	0.138994433153663	0.135929141454003	0.207460260115607	0.221364452423698	0.151571656899307	0.132800278115766	0.150996155190493	0.139321322371873	0.141509433962264	0.133292275206757	0.168195718654434	0.152218735992828	0.133926235940361	0.138681110824521	0.137623502666783	0.143303014089531	0.160120578065431	0.134271887373515	0.178454746136865	0.152090257127864	0.139866214924854	0.151437417072092
SRR28210351	0.131561124280393	0.128875638841567	0.127009084556254	0.12813704496788	0.131903438693991	0.134703000085962	0.151381909547739	0.156596575281696	0.136423841059603	0	0.136651348304864	0.139836289222374	0.206176444562428	0.164563806777217	0.142857142857143	0.162159750111557	0.131811105345096	0.135990928122819	0.134001582695859	0.132618362542506	0.196177425171295	0.210125448028674	0.148455428067079	0.129375162043039	0.139204049572351	0.136810082572794	0.127974616604971	0.124901324445224	0.154289708195003	0.141451194417107	0.126748327686561	0.12290214304157	0.131876740947075	0.133440085401655	0.148964418481147	0.122583479789104	0.165857962064402	0.143367925351007	0.133662081494939	0.137525426726806
SRR28210352	0.126397176233297	0.12242998561638	0.123180873180873	0.11845917845577	0.128540680154972	0.122548599811595	0.165359880186768	0.154407241409614	0.141425583827117	0.136651348304864	0	0.127760788311247	0.206039387308534	0.176423700292268	0.146315972827034	0.167517605633803	0.127659574468085	0.134352859858303	0.132532218739115	0.128426878837672	0.209715954340324	0.222075521520993	0.146516303872716	0.121381324628468	0.14283251443841	0.127917026793431	0.129172840582237	0.123197219808862	0.153593358125054	0.158803928446159	0.12536568576837	0.120446984560266	0.130442279506854	0.13819139596137	0.153489997379226	0.123674604554146	0.169512195121951	0.139571082670356	0.125956495572178	0.14769364664926
SRR28210353	0.115157070244146	0.117307692307692	0.13136205285071	0.123618090452261	0.134838109730324	0.133942799630965	0.176480731097508	0.166838576585869	0.143273600274372	0.139836289222374	0.127760788311247	0	0.210091979712886	0.188149688149688	0.159911444141689	0.18171654626763	0.132692631933907	0.141827738216345	0.138827149940161	0.130627180665475	0.221318567226164	0.235471114167813	0.158110882956879	0.126371771061962	0.146996526306871	0.137411047102677	0.140150221918744	0.130127057218385	0.16273944736396	0.163709955218739	0.125540391624989	0.122270742358079	0.131494057724958	0.145711333103686	0.164771269773407	0.130438491724962	0.179025514122365	0.152284263959391	0.129607710517416	0.154023577652486
SRR28210354	0.216467800626216	0.214303959131545	0.204268024940722	0.205745742301737	0.200245592491887	0.204249783174328	0.220457433290978	0.217265927728215	0.210287443267776	0.206176444562428	0.206039387308534	0.210091979712886	0	0.229897660818713	0.212223806129722	0.218434687755659	0.205677464298154	0.213189511532053	0.208167242448401	0.211332983009284	0.241723691511004	0.248500507520532	0.208355746817285	0.205041286397219	0.207811673426203	0.211705012684804	0.204027321919631	0.207684867669041	0.206982543640898	0.218910400720396	0.210924589023223	0.215057451552049	0.201967846789071	0.208478981805145	0.209045135766948	0.206620301082842	0.215772870662461	0.207542170802791	0.203491924923614	0.206400286046304
SRR28210355	0.187189587258092	0.184974584302576	0.173232547799022	0.179021465195099	0.179224450136914	0.183493449781659	0.175664413371608	0.174915067486916	0.171327721965789	0.164563806777217	0.176423700292268	0.188149688149688	0.229897660818713	0	0.178038861274288	0.185980103168755	0.178297984687142	0.172410714285714	0.167373072414104	0.17350663224428	0.209184629803187	0.2216110385978	0.182492984520684	0.1765843368199	0.183346677341874	0.176846590909091	0.169546436285097	0.168500134156158	0.191846951546576	0.166359106846282	0.170444483796706	0.173160929582387	0.176084449569768	0.165524801315429	0.183773482167166	0.167368138264529	0.186707995259367	0.183680741136647	0.177948175568482	0.171021593177282
SRR28210356	0.156492411467116	0.154909275903002	0.149690685719265	0.145622751413397	0.149791594303578	0.149866574847207	0.160458194281591	0.16739420935412	0.154613686534216	0.142857142857143	0.146315972827034	0.159911444141689	0.212223806129722	0.178038861274288	0	0.163664204647811	0.148507139766335	0.151864465985503	0.150651179162267	0.151546840958606	0.199490816512093	0.212406185007686	0.159978740366729	0.146377312813419	0.15702190800384	0.15311004784689	0.149555731503475	0.147681539807524	0.15990852317706	0.166934046345811	0.147380291464261	0.147328702512649	0.149002873813463	0.150614206871996	0.158559359715429	0.145736569976339	0.167052537845058	0.156025887703341	0.148600641192271	0.150509977827051
SRR28210357	0.182227508283069	0.17906618778861	0.169648365206663	0.168050510292337	0.166783954961295	0.166550401116149	0.175091575091575	0.177003989844033	0.175714285714286	0.162159750111557	0.167517605633803	0.18171654626763	0.218434687755659	0.185980103168755	0.163664204647811	0	0.167192152741286	0.167847025495751	0.169680235147413	0.171045670957503	0.208727070594775	0.211784324624792	0.176142998293362	0.162285313704872	0.174358974358974	0.172753674205756	0.163004644515899	0.162495562655307	0.17839330245814	0.177531961193218	0.16625702247191	0.16995670995671	0.169909323003786	0.166726846001083	0.175590409230215	0.163812228236756	0.180938602043584	0.175163745795716	0.165057067603161	0.166561741163774
SRR28210358	0.121730382293763	0.117264668636556	0.122920437893285	0.118225765414299	0.124881984379023	0.122934060316919	0.165366751380247	0.161703239289446	0.139298732858879	0.131811105345096	0.127659574468085	0.132692631933907	0.205677464298154	0.178297984687142	0.148507139766335	0.167192152741286	0	0.133556931544548	0.132871372888696	0.13344203209474	0.208069062720226	0.220849759088918	0.153206239168111	0.122255446390431	0.146134748737266	0.133573388203018	0.129854368932039	0.123422644770959	0.155406566958914	0.155627403005942	0.120429184549356	0.123230782269684	0.125644994840041	0.134266958424508	0.154841511072514	0.123086238214687	0.166955918083999	0.14162942591956	0.124400684931507	0.141355343179844
SRR28210359	0.135469223007064	0.130294815316842	0.137212519453571	0.127334754797441	0.138156761412575	0.138808263616186	0.15980801706515	0.158730158730159	0.145829690505333	0.135990928122819	0.134352859858303	0.141827738216345	0.213189511532053	0.172410714285714	0.151864465985503	0.167847025495751	0.133556931544548	0	0.13836752509821	0.136957839148126	0.210287443267776	0.221927027984414	0.154674369747899	0.129847794307335	0.152307028891764	0.136925871464406	0.136796158882584	0.131762045573143	0.16405777047479	0.16086688397498	0.132724295440834	0.125652211102558	0.135569773473975	0.139175712646721	0.159558630352921	0.134190856944203	0.171451076492211	0.149074234296591	0.133792509685751	0.150659792012584
SRR28210360	0.134970364098222	0.130712824010914	0.133298438454157	0.131105398457584	0.137180043383948	0.141042149540733	0.154170782077759	0.153455646597791	0.138994433153663	0.134001582695859	0.132532218739115	0.138827149940161	0.208167242448401	0.167373072414104	0.150651179162267	0.169680235147413	0.132871372888696	0.13836752509821	0	0.132220571528445	0.206450453687899	0.221399250401571	0.154619181946403	0.130754586362063	0.148699208213695	0.134310134310134	0.134319162045595	0.128103886987804	0.166304253283465	0.149196428571429	0.127642913077525	0.127494838265657	0.131966855647623	0.129867809932119	0.15872595729663	0.127108222066058	0.173767605633803	0.147043432757718	0.13391696281529	0.145026039367994
SRR28210361	0.127969671440607	0.124003392705683	0.124956582146579	0.123721009549795	0.136269786648314	0.136778374690884	0.162564193377014	0.155148095909732	0.135929141454003	0.132618362542506	0.128426878837672	0.130627180665475	0.211332983009284	0.17350663224428	0.151546840958606	0.171045670957503	0.13344203209474	0.136957839148126	0.132220571528445	0	0.216017699115044	0.221141948028991	0.148690090247963	0.125075268817204	0.142239141720021	0.131319252077562	0.136185414306875	0.12921445950643	0.158473256015233	0.152732409287543	0.125356125356125	0.12411377808149	0.129317060503765	0.137897612124416	0.164197315670211	0.127415143603133	0.173006456115861	0.144921266655131	0.131268817204301	0.14953760251265
SRR28210362	0.225443383356071	0.223470875868577	0.210955504343202	0.213858295030787	0.214159760183389	0.219735237763456	0.209975939292985	0.216465643274854	0.207460260115607	0.196177425171295	0.209715954340324	0.221318567226164	0.241723691511004	0.209184629803187	0.199490816512093	0.208727070594775	0.208069062720226	0.210287443267776	0.206450453687899	0.216017699115044	0	0.231910069903646	0.212634822804314	0.210881965774462	0.216146527963012	0.215283920042455	0.201440144014401	0.206933428393191	0.212183928732116	0.210782066562758	0.209277714084134	0.212247738343772	0.209906078327131	0.205440815212447	0.212856883069649	0.202645928309645	0.216418591909415	0.213661494560371	0.213437692375341	0.198762849085782
SRR28210363	0.235329087048832	0.236738870885212	0.2259882031869	0.222116548504237	0.218953672714462	0.220129077271934	0.218305960509319	0.226126536185708	0.221364452423698	0.210125448028674	0.222075521520993	0.235471114167813	0.248500507520532	0.2216110385978	0.212406185007686	0.211784324624792	0.220849759088918	0.221927027984414	0.221399250401571	0.221141948028991	0.231910069903646	0	0.217564508827524	0.218780082261311	0.222241945504571	0.22370161361432	0.217247542448615	0.218289870498492	0.212096628808365	0.22130923034785	0.228746177370031	0.228371611120705	0.222280980081086	0.222352622551232	0.218610985020427	0.222753430721558	0.212740604949588	0.220887821368206	0.226322693484915	0.215079006772009
SRR28210364	0.154849639983058	0.153092520020446	0.152166317260657	0.149952818049241	0.149520488230166	0.153428201811125	0.16901027582477	0.166696492483894	0.151571656899307	0.148455428067079	0.146516303872716	0.158110882956879	0.208355746817285	0.182492984520684	0.159978740366729	0.176142998293362	0.153206239168111	0.154674369747899	0.154619181946403	0.148690090247963	0.212634822804314	0.217564508827524	0	0.143192488262911	0.156293828892006	0.150913701145405	0.151892034929876	0.15	0.162595891014902	0.166069829901522	0.149034278754133	0.149122807017544	0.149213286713287	0.156764941658502	0.161928526869263	0.150978155978595	0.175004450774435	0.159495223906757	0.150095602294455	0.158762521053098
SRR28210365	0.119534260345116	0.114738884670548	0.124054332874828	0.114249363867684	0.119082395394793	0.116693679092382	0.165121567255554	0.153604468493629	0.132800278115766	0.129375162043039	0.121381324628468	0.126371771061962	0.205041286397219	0.1765843368199	0.146377312813419	0.162285313704872	0.122255446390431	0.129847794307335	0.130754586362063	0.125075268817204	0.210881965774462	0.218780082261311	0.143192488262911	0	0.139096132407169	0.126502919958777	0.129035049762008	0.118232139768206	0.149470785646674	0.156849076333217	0.11705140307217	0.116863277603327	0.120158374935445	0.134573399703083	0.152377646650469	0.118542874448386	0.164802774165583	0.138082144698402	0.121191372817528	0.143735388345311
SRR28210366	0.145120724346076	0.145203402678346	0.14216575922565	0.13999490618898	0.146282767511818	0.141478000854336	0.174458683163942	0.166842661034847	0.150996155190493	0.139204049572351	0.14283251443841	0.146996526306871	0.207811673426203	0.183346677341874	0.15702190800384	0.174358974358974	0.146134748737266	0.152307028891764	0.148699208213695	0.142239141720021	0.216146527963012	0.222241945504571	0.156293828892006	0.139096132407169	0	0.147646957421134	0.147616562282533	0.14465027700831	0.163125487815454	0.167194649771207	0.143899716665236	0.140889380154749	0.145492156524737	0.154487235722432	0.16857367455673	0.144169121469416	0.173734010863851	0.154983144610597	0.145270559986279	0.153725078698846
SRR28210367	0.127788534388417	0.119680625159263	0.128020788220009	0.127210884353742	0.131581214993537	0.131493506493506	0.159578238525607	0.159638024951678	0.139321322371873	0.136810082572794	0.127917026793431	0.137411047102677	0.211705012684804	0.176846590909091	0.15311004784689	0.172753674205756	0.133573388203018	0.136925871464406	0.134310134310134	0.131319252077562	0.215283920042455	0.22370161361432	0.150913701145405	0.126502919958777	0.147646957421134	0	0.136640557006092	0.126097921558396	0.163187855787476	0.15398854120758	0.12807924203273	0.121528074523545	0.128806228373702	0.141790389176843	0.161900610287707	0.128693083072645	0.175010883761428	0.147124848903471	0.132365572925614	0.149171752397559
SRR28210368	0.132655654383736	0.133475116971501	0.131076010123047	0.131004366812227	0.134323174437788	0.130832255282449	0.157517686039223	0.159066713981547	0.141509433962264	0.127974616604971	0.129172840582237	0.140150221918744	0.204027321919631	0.169546436285097	0.149555731503475	0.163004644515899	0.129854368932039	0.136796158882584	0.134319162045595	0.136185414306875	0.201440144014401	0.217247542448615	0.151892034929876	0.129035049762008	0.147616562282533	0.136640557006092	0	0.130788759520266	0.155755615767852	0.154181494661922	0.12770581587412	0.125623816898985	0.130396860008722	0.136250444681608	0.154369532561633	0.126678957071372	0.165724381625442	0.146928104575163	0.128626020496787	0.145565156057133
SRR28210369	0.123191471359675	0.117892762765323	0.117554585152838	0.116285052739902	0.127219191131896	0.12006550594725	0.16276388149725	0.149122807017544	0.133292275206757	0.124901324445224	0.123197219808862	0.130127057218385	0.207684867669041	0.168500134156158	0.147681539807524	0.162495562655307	0.123422644770959	0.131762045573143	0.128103886987804	0.12921445950643	0.206933428393191	0.218289870498492	0.15	0.118232139768206	0.14465027700831	0.126097921558396	0.130788759520266	0	0.157702984038862	0.151933457216176	0.124188662916486	0.118283261802575	0.126042390548992	0.128139142781081	0.157318141980719	0.115391365391365	0.161976785086177	0.13457683256341	0.123160810109053	0.146958424507659
SRR28210370	0.161777032690696	0.164255677039529	0.162194806315245	0.152314499659632	0.154955110497238	0.152455223241066	0.17524302149291	0.177587424938184	0.168195718654434	0.154289708195003	0.153593358125054	0.16273944736396	0.206982543640898	0.191846951546576	0.15990852317706	0.17839330245814	0.155406566958914	0.16405777047479	0.166304253283465	0.158473256015233	0.212183928732116	0.212096628808365	0.162595891014902	0.149470785646674	0.163125487815454	0.163187855787476	0.155755615767852	0.157702984038862	0	0.174878372401592	0.159219797216017	0.157626254038429	0.154984423676012	0.166608022519353	0.162981959674567	0.158031762561833	0.173536175482045	0.156702109116263	0.155190222069203	0.158376617660005
SRR28210371	0.159587171613784	0.15784507163078	0.153785141447079	0.156945642795513	0.157756354075372	0.160797918473547	0.164658634538153	0.171129744838157	0.152218735992828	0.141451194417107	0.158803928446159	0.163709955218739	0.218910400720396	0.166359106846282	0.166934046345811	0.177531961193218	0.155627403005942	0.16086688397498	0.149196428571429	0.152732409287543	0.210782066562758	0.22130923034785	0.166069829901522	0.156849076333217	0.167194649771207	0.15398854120758	0.154181494661922	0.151933457216176	0.174878372401592	0	0.146551724137931	0.149726586233834	0.158278436539306	0.149476156069364	0.174667024224546	0.146029490140345	0.182412465299543	0.167665198237885	0.15830857941639	0.156177156177156
SRR28210372	0.116463157894737	0.113540077952889	0.122873672394439	0.119449868409882	0.132865336871843	0.132133152173913	0.164265635980323	0.153347353662811	0.133926235940361	0.126748327686561	0.12536568576837	0.125540391624989	0.210924589023223	0.170444483796706	0.147380291464261	0.16625702247191	0.120429184549356	0.132724295440834	0.127642913077525	0.125356125356125	0.209277714084134	0.228746177370031	0.149034278754133	0.11705140307217	0.143899716665236	0.12807924203273	0.12770581587412	0.124188662916486	0.159219797216017	0.146551724137931	0	0.114863136352008	0.123339658444023	0.133912128387267	0.15997223909083	0.119454813785919	0.169054441260745	0.146879560477294	0.127247816406919	0.143117989740023
SRR28210373	0.110934759000919	0.110224983210208	0.119568936024632	0.112740141557128	0.128701111393909	0.122002701789936	0.160344527579607	0.157376199118486	0.138681110824521	0.12290214304157	0.120446984560266	0.122270742358079	0.215057451552049	0.173160929582387	0.147328702512649	0.16995670995671	0.123230782269684	0.125652211102558	0.127494838265657	0.12411377808149	0.212247738343772	0.228371611120705	0.149122807017544	0.116863277603327	0.140889380154749	0.121528074523545	0.125623816898985	0.118283261802575	0.157626254038429	0.149726586233834	0.114863136352008	0	0.120997352916062	0.134823672125466	0.157406612279948	0.117460044681217	0.172520130203872	0.145417480676123	0.12090059473237	0.139596968653117
SRR28210374	0.126472568158869	0.12011196878446	0.127477282561662	0.119808987805918	0.131359214943617	0.128398016755001	0.158342189160468	0.15970515970516	0.137623502666783	0.131876740947075	0.130442279506854	0.131494057724958	0.201967846789071	0.176084449569768	0.149002873813463	0.169909323003786	0.125644994840041	0.135569773473975	0.131966855647623	0.129317060503765	0.209906078327131	0.222280980081086	0.149213286713287	0.120158374935445	0.145492156524737	0.128806228373702	0.130396860008722	0.126042390548992	0.154984423676012	0.158278436539306	0.123339658444023	0.120997352916062	0	0.135499207606973	0.15473380540257	0.121623976302492	0.167728979306732	0.14496632705923	0.12796697626419	0.143268978771731
SRR28210375	0.1409676593566	0.135597592433362	0.134544172103685	0.135534618376696	0.139602138287617	0.139928776166073	0.159025009061254	0.149950347567031	0.143303014089531	0.133440085401655	0.13819139596137	0.145711333103686	0.208478981805145	0.165524801315429	0.150614206871996	0.166726846001083	0.134266958424508	0.139175712646721	0.129867809932119	0.137897612124416	0.205440815212447	0.222352622551232	0.156764941658502	0.134573399703083	0.154487235722432	0.141790389176843	0.136250444681608	0.128139142781081	0.166608022519353	0.149476156069364	0.133912128387267	0.134823672125466	0.135499207606973	0	0.151523297491039	0.126632897893895	0.17139290172998	0.148108965882042	0.137608258245123	0.147900508157261
SRR28210376	0.159108247859625	0.159414119049647	0.158326783687014	0.152676346765186	0.155830573470455	0.162994836488812	0.163446712018141	0.17283950617284	0.160120578065431	0.148964418481147	0.153489997379226	0.164771269773407	0.209045135766948	0.183773482167166	0.158559359715429	0.175590409230215	0.154841511072514	0.159558630352921	0.15872595729663	0.164197315670211	0.212856883069649	0.218610985020427	0.161928526869263	0.152377646650469	0.16857367455673	0.161900610287707	0.154369532561633	0.157318141980719	0.162981959674567	0.174667024224546	0.15997223909083	0.157406612279948	0.15473380540257	0.151523297491039	0	0.154575794835763	0.179494031712097	0.167279411764706	0.15365874880362	0.157829181494662
SRR28210377	0.123497545285255	0.118680194389974	0.116222125054657	0.117399879941686	0.127696439400502	0.128766417718259	0.15983642990488	0.149782859168661	0.134271887373515	0.122583479789104	0.123674604554146	0.130438491724962	0.206620301082842	0.167368138264529	0.145736569976339	0.163812228236756	0.123086238214687	0.134190856944203	0.127108222066058	0.127415143603133	0.202645928309645	0.222753430721558	0.150978155978595	0.118542874448386	0.144169121469416	0.128693083072645	0.126678957071372	0.115391365391365	0.158031762561833	0.146029490140345	0.119454813785919	0.117460044681217	0.121623976302492	0.126632897893895	0.154575794835763	0	0.166344803370787	0.143799357806127	0.128497409326425	0.139465353499824
SRR28210378	0.176798378926039	0.179500211774672	0.166987235530687	0.162928589842743	0.166710239651416	0.166479481641469	0.184483536310329	0.179935449166218	0.178454746136865	0.165857962064402	0.169512195121951	0.179025514122365	0.215772870662461	0.186707995259367	0.167052537845058	0.180938602043584	0.166955918083999	0.171451076492211	0.173767605633803	0.173006456115861	0.216418591909415	0.212740604949588	0.175004450774435	0.164802774165583	0.173734010863851	0.175010883761428	0.165724381625442	0.161976785086177	0.173536175482045	0.182412465299543	0.169054441260745	0.172520130203872	0.167728979306732	0.17139290172998	0.179494031712097	0.166344803370787	0	0.169876022157742	0.167231343931891	0.164199072422405
SRR28210379	0.147409022304209	0.148438157783952	0.140989001472244	0.131363170481722	0.137904201971295	0.13424375161041	0.168620138518913	0.166020102274731	0.152090257127864	0.143367925351007	0.139571082670356	0.152284263959391	0.207542170802791	0.183680741136647	0.156025887703341	0.175163745795716	0.14162942591956	0.149074234296591	0.147043432757718	0.144921266655131	0.213661494560371	0.220887821368206	0.159495223906757	0.138082144698402	0.154983144610597	0.147124848903471	0.146928104575163	0.13457683256341	0.156702109116263	0.167665198237885	0.146879560477294	0.145417480676123	0.14496632705923	0.148108965882042	0.167279411764706	0.143799357806127	0.169876022157742	0	0.140273831051408	0.156274595540009
SRR28210380	0.120369592608148	0.114769360981803	0.12605548854041	0.118920295390884	0.128805419775319	0.125872934764095	0.164676966292135	0.158280922431866	0.139866214924854	0.133662081494939	0.125956495572178	0.129607710517416	0.203491924923614	0.177948175568482	0.148600641192271	0.165057067603161	0.124400684931507	0.133792509685751	0.13391696281529	0.131268817204301	0.213437692375341	0.226322693484915	0.150095602294455	0.121191372817528	0.145270559986279	0.132365572925614	0.128626020496787	0.123160810109053	0.155190222069203	0.15830857941639	0.127247816406919	0.12090059473237	0.12796697626419	0.137608258245123	0.15365874880362	0.128497409326425	0.167231343931891	0.140273831051408	0	0.145634438465544
SRR28210381	0.149712254570074	0.144136460554371	0.146547961944663	0.141409805100026	0.151643966339898	0.152020636285469	0.159884507804746	0.169765993415784	0.151437417072092	0.137525426726806	0.14769364664926	0.154023577652486	0.206400286046304	0.171021593177282	0.150509977827051	0.166561741163774	0.141355343179844	0.150659792012584	0.145026039367994	0.14953760251265	0.198762849085782	0.215079006772009	0.158762521053098	0.143735388345311	0.153725078698846	0.149171752397559	0.145565156057133	0.146958424507659	0.158376617660005	0.156177156177156	0.143117989740023	0.139596968653117	0.143268978771731	0.147900508157261	0.157829181494662	0.139465353499824	0.164199072422405	0.156274595540009	0.145634438465544	0
